0.040000 -170.28 -163.8
0.042598 -169.64 -163.54
0.043620 -169.39 -163.44
0.046454 -168.69 -163.15
0.047568 -168.41 -163.04
0.050000 -167.82 -162.8
0.050658 -167.65 -162.73
0.051874 -167.35 -162.61
0.054525 -166.7 -162.35
0.055243 -166.52 -162.28
0.056569 -166.2 -162.14
0.059460 -165.49 -161.85
0.060243 -165.3 -161.77
0.061688 -164.94 -161.63
0.064842 -164.16 -161.32
0.065695 -163.95 -161.23
0.067272 -163.56 -161.07
0.070711 -162.72 -160.73
0.071641 -162.49 -160.64
0.072000 -162.4 -160.6
0.073360 -162.07 -160.46
0.077111 -161.14 -160.09
0.078125 -160.89 -159.99
0.080000 -160.43 -159.8
0.084090 -159.42 -159.39
0.085000 -159.2 -159.3
0.085196 -159.2 -159.32
0.087241 -159.2 -159.51
0.091700 -159.2 -159.93
0.092907 -159.2 -160.04
0.095137 -159.2 -160.25
0.100000 -159.2 -160.7
0.101316 -159.23 -160.82
0.103747 -159.28 -161.03
0.109051 -159.4 -161.5
0.110485 -159.43 -161.63
0.113137 -159.49 -161.87
0.118000 -159.6 -162.3
0.118921 -159.67 -162.26
0.120485 -159.79 -162.2
0.123377 -160.01 -162.1
0.129684 -160.49 -161.85
0.131390 -160.62 -161.79
0.134543 -160.86 -161.67
0.139000 -161.2 -161.5
0.141421 -161.27 -161.56
0.143282 -161.32 -161.61
0.146721 -161.42 -161.69
0.154221 -161.63 -161.87
0.156250 -161.69 -161.92
0.160000 -161.79 -162
0.164000 -161.9 -162.1
0.168179 -161.9 -162.4
0.170392 -161.9 -162.56
0.174481 -161.9 -162.86
0.183401 -161.9 -163.5
0.185814 -161.9 -163.68
0.190273 -161.9 -164
0.193000 -161.9 -164.2
0.200000 -162.16 -164.44
0.202631 -162.26 -164.53
0.207494 -162.44 -164.7
0.218102 -162.83 -165.06
0.220971 -162.94 -165.16
0.226274 -163.14 -165.34
0.228000 -163.2 -165.4
0.237841 -163.42 -165.55
0.240970 -163.49 -165.6
0.246754 -163.62 -165.68
0.259368 -163.91 -165.87
0.262780 -163.99 -165.92
0.268000 -164.1 -166
0.269087 -164.11 -166.01
0.282843 -164.25 -166.19
0.286564 -164.29 -166.24
0.293441 -164.37 -166.32
0.308442 -164.52 -166.51
0.312500 -164.56 -166.56
0.316000 -164.6 -166.6
0.320000 -164.68 -166.59
0.336359 -165.03 -166.53
0.340784 -165.12 -166.51
0.348962 -165.29 -166.48
0.366802 -165.67 -166.42
0.371627 -165.77 -166.4
0.373000 -165.8 -166.4
0.380546 -166.03 -166.42
0.400000 -166.62 -166.48
0.405262 -166.78 -166.5
0.414989 -167.07 -166.53
0.436203 -167.72 -166.59
0.439000 -167.8 -166.6
0.441942 -167.85 -166.61
0.452548 -168.01 -166.63
0.475683 -168.36 -166.69
0.481942 -168.45 -166.71
0.493507 -168.63 -166.74
0.518000 -169 -166.8
0.518736 -169.01 -166.8
0.525561 -169.12 -166.83
0.538174 -169.33 -166.89
0.565685 -169.77 -167.01
0.573128 -169.89 -167.04
0.586883 -170.11 -167.1
0.611000 -170.5 -167.2
0.616884 -170.55 -167.22
0.625000 -170.63 -167.25
0.640000 -170.77 -167.31
0.672717 -171.07 -167.43
0.681566 -171.15 -167.46
0.697925 -171.3 -167.52
0.720000 -171.5 -167.6
0.733603 -171.48 -167.34
0.743257 -171.47 -167.16
0.761093 -171.44 -166.83
0.800000 -171.38 -166.1
0.810524 -171.36 -165.9
0.829977 -171.33 -165.54
0.848000 -171.3 -165.2
0.872406 -170.85 -164.91
0.883884 -170.64 -164.77
0.905097 -170.25 -164.52
0.951366 -169.4 -163.98
0.963883 -169.17 -163.83
0.987015 -168.74 -163.55
1.000000 -168.5 -163.4
1.037472 -167.87 -162.88
1.051120 -167.64 -162.69
1.076350 -167.22 -162.33
1.131371 -166.3 -161.57
1.146255 -166.05 -161.36
1.173760 -165.59 -160.97
1.179000 -165.5 -160.9
1.233769 -164.85 -160.3
1.250000 -164.66 -160.12
1.280000 -164.3 -159.79
1.345434 -163.52 -159.08
1.363135 -163.31 -158.88
1.389000 -163 -158.6
1.395850 -162.91 -158.52
1.467206 -161.96 -157.66
1.486509 -161.7 -157.43
1.522180 -161.23 -157
1.600000 -160.2 -156.06
1.621050 -159.92 -155.81
1.638000 -159.7 -155.6
1.659960 -159.5 -155.36
1.744812 -158.72 -154.43
1.767768 -158.51 -154.18
1.810190 -158.11 -153.72
1.902731 -157.26 -152.71
1.927763 -157.03 -152.44
1.931000 -157 -152.4
1.974030 -156.66 -152.06
2.074943 -155.87 -151.27
2.102240 -155.66 -151.06
2.152690 -155.27 -150.67
2.262742 -154.4 -149.8
2.276000 -154.3 -149.7
2.292511 -154.17 -149.58
2.347530 -153.72 -149.19
2.467537 -152.75 -148.34
2.500000 -152.49 -148.11
2.560000 -152 -147.68
2.683000 -151 -146.8
2.690869 -150.96 -146.76
2.726266 -150.78 -146.57
2.791700 -150.46 -146.21
2.934413 -149.74 -145.44
2.973014 -149.55 -145.23
3.044370 -149.19 -144.84
3.162000 -148.6 -144.2
3.200000 -148.47 -143.97
3.242101 -148.33 -143.71
3.319910 -148.07 -143.22
3.489625 -147.5 -142.17
3.535530 -147.35 -141.89
3.620390 -147.06 -141.37
3.728000 -146.7 -140.7
3.805463 -146.49 -140.5
3.855526 -146.36 -140.37
3.948060 -146.11 -140.14
4.149887 -145.56 -139.62
4.204490 -145.41 -139.48
4.305390 -145.14 -139.23
4.394000 -144.9 -139
4.525483 -145.39 -139.42
4.585011 -145.61 -139.61
4.695060 -146.01 -139.96
4.935075 -146.9 -140.72
5.000000 -147.14 -140.93
5.120000 -147.58 -141.31
5.179000 -147.8 -141.5
5.381737 -148.81 -142.53
5.452533 -149.16 -142.89
5.583400 -149.81 -143.55
5.868826 -151.23 -145
5.946046 -151.61 -145.39
6.088740 -152.32 -146.12
6.105000 -152.4 -146.2
6.400000 -153.13 -146.93
6.484201 -153.34 -147.14
6.639820 -153.72 -147.52
6.979250 -154.56 -148.36
7.071086 -154.79 -148.59
7.197000 -155.1 -148.9
7.240770 -155.35 -149.15
7.610926 -157.45 -151.25
7.711051 -158.02 -151.82
7.896120 -159.07 -152.87
8.299773 -161.36 -155.16
8.408944 -161.98 -155.78
8.483000 -162.4 -156.2
8.610780 -162.98 -156.92
9.050967 -164.98 -159.42
9.170021 -165.52 -160.09
9.390120 -166.53 -161.34
9.870149 -168.71 -164.06
10.000000 -169.3 -164.8
10.240000 -169.33 -165.2
10.763474 -169.39 -166.08
10.905078 -169.4 -166.32
11.166800 -169.43 -166.76
11.737652 -169.49 -167.72
11.788000 -169.5 -167.8
11.892077 -169.43 -167.71
12.177500 -169.22 -167.47
12.800000 -168.78 -166.94
12.968402 -168.66 -166.8
13.279600 -168.44 -166.53
13.895000 -168 -166
13.958499 -168.12 -166.06
14.142131 -168.45 -166.23
14.481500 -169.06 -166.54
15.221851 -170.4 -167.23
15.422103 -170.77 -167.42
15.792200 -171.44 -167.76
16.379000 -172.5 -168.3
16.599547 -172.7 -168.71
16.817916 -172.89 -169.11
17.221600 -173.25 -169.85
18.101934 -174.03 -171.48
18.340076 -174.24 -171.92
18.780200 -174.63 -172.73
19.307000 -175.1 -173.7
19.740299 -175.64 -174.35
20.000000 -175.96 -174.74
20.480000 -176.56 -175.47
21.526949 -177.87 -177.05
21.810156 -178.22 -177.47
22.333600 -178.87 -178.26
22.758000 -179.4 -178.9
23.475304 -180.05 -179.78
23.784154 -180.33 -180.16
24.355000 -180.85 -180.86
25.600000 -181.98 -182.39
25.936771 -182.29 -182.8
26.559300 -182.86 -183.57
26.827000 -183.1 -183.9
27.916998 -183.49 -184.47
28.284302 -183.62 -184.66
28.963100 -183.86 -185.01
30.443703 -184.38 -185.79
30.844206 -184.52 -186
31.584500 -184.79 -186.38
31.623000 -184.8 -186.4
33.199093 -185.02 -186.76
33.635832 -185.08 -186.86
34.443100 -185.2 -187.05
36.203868 -185.45 -187.45
36.680153 -185.52 -187.56
37.276000 -185.6 -187.7
37.560500 -185.66 -187.75
39.480598 -186.03 -188.06
40.000000 -186.13 -188.15
40.960000 -186.32 -188.31
43.053897 -186.73 -188.65
43.620311 -186.84 -188.75
43.940000 -186.9 -188.8
44.667200 -186.92 -188.85
46.950608 -186.98 -188.99
47.568308 -186.99 -189.03
48.709900 -187.02 -189.1
51.200001 -187.08 -189.26
51.795000 -187.1 -189.3
51.873677 -187.1 -189.3
53.118500 -187.09 -189.36
55.833997 -187.06 -189.47
56.568445 -187.05 -189.5
57.926200 -187.03 -189.56
60.887405 -187 -189.69
61.054000 -187 -189.7
61.688412 -186.93 -189.69
63.169000 -186.77 -189.66
66.398186 -186.41 -189.6
67.271663 -186.32 -189.59
68.886200 -186.14 -189.56
71.969000 -185.8 -189.5
72.407735 -185.76 -189.48
73.360575 -185.67 -189.43
75.120970 -185.51 -189.35
78.961195 -185.15 -189.17
80.000000 -185.05 -189.12
81.919998 -184.87 -189.04
84.834000 -184.6 -188.9
86.107794 -184.57 -188.84
87.240242 -184.55 -188.79
89.334391 -184.51 -188.69
93.901215 -184.42 -188.48
95.136616 -184.4 -188.42
97.419845 -184.35 -188.32
100.000000 -184.3 -188.2
102.400002 -184.34 -188.08
103.747139 -184.36 -188.01
106.237000 -184.4 -187.89
111.667993 -184.5 -187.61
113.137146 -184.52 -187.54
115.852000 -184.57 -187.4
117.877000 -184.6 -187.3
121.774810 -184.53 -187.36
123.376824 -184.5 -187.38
126.338000 -184.44 -187.42
132.796372 -184.32 -187.51
134.543507 -184.28 -187.53
137.772000 -184.22 -187.58
138.950000 -184.2 -187.6
144.815471 -183.99 -187.65
146.720719 -183.92 -187.66
150.242000 -183.79 -187.69
157.922391 -183.51 -187.75
160.000000 -183.44 -187.77
163.789000 -183.3 -187.8
163.840000 -183.3 -187.8
172.215588 -183.39 -188.03
174.481093 -183.41 -188.09
178.669000 -183.45 -188.21
190.273232 -183.57 -188.52
193.070000 -183.6 -188.6
227.585000 -183.5 -190.1
268.270000 -182.5 -191
316.228000 -180.6 -191.6
372.759000 -178.4 -190.8
439.397000 -176.7 -189.7
517.948000 -175.8 -188.6
610.540000 -173.2 -186.7
719.686000 -171.2 -185.4
848.343000 -168.8 -183.7
1000.00000 -167.1 -183
1178.77000 -163.9 -181.4
1389.49000 -161 -180.4
1637.89000 -159.3 -178.1
1930.70000 -158 -177.5
2275.85000 -156.9 -176.5
2682.70000 -155.5 -174.5
3162.28000 -154.3 -173.2
3727.59000 -152.2 -171.5
4393.97000 -152.3 -168.7
5179.48000 -151.7 -167.2
6105.40000 -150.3 -164
7196.86000 -148 -160.8
8483.43000 -145.5 -155.7
10000.0000 -143.9 -153.8
